v3.0 hex words addressed
00: 0a0 30a 205 012 700 108 008 700 014 700 210 10e 413 700 513 700
10: 113 613 700 040 700 700 700 700 700 700 700 700 700 700 700 700
20: 700 700 700 700 700 700 700 700 700 700 700 700 700 700 700 700
30: 700 700 700 700 700 700 700 700 700 700 700 700 700 700 700 700
40: 700 700 700 700 700 700 700 700 700 700 700 700 700 700 700 700
50: 700 700 700 700 700 700 700 700 700 700 700 700 700 700 700 700
60: 700 700 700 700 700 700 700 700 700 700 700 700 700 700 700 700
70: 700 700 700 700 700 700 700 700 700 700 700 700 700 700 700 700
80: 700 700 700 700 700 700 700 700 700 700 700 700 700 700 700 700
90: 700 700 700 700 700 700 700 700 700 700 700 700 700 700 700 700
a0: 700 700 700 700 700 700 700 700 700 700 700 700 700 700 700 700
b0: 700 700 700 700 700 700 700 700 700 700 700 700 700 700 700 700
c0: 700 700 700 700 700 700 700 700 700 700 700 700 700 700 700 700
d0: 700 700 700 700 700 700 700 700 700 700 700 700 700 700 700 700
e0: 700 700 700 700 700 700 700 700 700 700 700 700 700 700 700 700
f0: 700 700 700 700 700 700 700 700 700 700 700 700 700 700 700 700
